10111100000110100110011000010101100001000100101100000111000010101011110011001000
11111011100100110011101001000111110111001001100111010010001111101110010011001110100100011111011100100110011
0100101011111110010001100111000000011111101111000000110010101011110011001000
10001101001100010001101001100001000001100001000010110101
10111100000110100110011000010101100001000100101100000111000010101011110011001000
11111011100100110011101001000111110111001001100111010010001111101110010011001110100100011111011100100110011
0100101011111110010001100111000000011111101111000000110010101011110011001000
1010111010110100101110000111110111001001100110010001100111000000011111101111000000110010101011110011001000
010000111011010011000010000111011010011000010000111011010011000010000111011010011000010000111011010011
111110111001001100110010001100111000000011111101111000000110010101011110011001000

0100000101010110011000100010010110000101000011000111000

1010111010110100101110000111110111001001100110010001100111000000011111101111000000110010101011110011001000
010000111011010011000010000111011010011000010000111011010011000010000111011010011000010000111011010011

10101110101101001011100001011111001100100000100011001110000001011110100000000110110000001000110111111001001000001110000010001010110
1000010100011011111111000101011110101011011000000100011000011011111111000101011110000110001110000010001010110
101000011101000000010000101011010110110000001011111110110110100110000111001101000000010101100001000100101100000010111100110
10111100001011001100010001001000100011001110100010001101011010000011011001000000100100011111111110000101110101010011100001010001111001100111011100

10111100000110100110011000010101100001000100101100000111000010101011110011001000
11111011100100110011101001000111110111001001100111010010001111101110010011001110100100011111011100100110011
0100101011111110010001100111000000011111101111000000110010101011110011001000
10001101001100010001101001100001000001100001000010110101
10111100000110100110011000010101100001000100101100000111000010101011110011001000
11111011100100110011101001000111110111001001100111010010001111101110010011001110100100011111011100100110011
0100101011111110010001100111000000011111101111000000110010101011110011001000
1010111010110100101110000111110111001001100110010001100111000000011111101111000000110010101011110011001000

10111100000110100110011000010101100001000100101100000111000010101011110011001000
11111011100100110011101001000111110111001001100111010010001111101110010011001110100100011111011100100110011
0100101011111110010001100111000000011111101111000000110010101011110011001000
10001101001100010001101001100001000001100001000010110101
10111100000110100110011000010101100001000100101100000111000010101011110011001000
11111011100100110011101001000111110111001001100111010010001111101110010011001110100100011111011100100110011
0100101011111110010001100111000000011111101111000000110010101011110011001000
1010111010110100101110000111110111001001100110010001100111000000011111101111000000110010101011110011001000
010000111011010011000010000111011010011000010000111011010011000010000111011010011000010000111011010011

0100000101010110011000100010010110000101000011000111000

101110101000101100010101001110000001101100100000011111001010010001100000101111000101000111100101111111110000101000101011110011001000001110000010001010110
011100010100010100011101101111000010001001011000010010110001110001010010001000100101100001011110101110110100000011111100100101000000101001110000010001010110
1011011011000011111010111110000101011100000011001011100000011101000001011110100000010000101000001000111000110001001000110
0011011001000000101011100001010100110110011000110000111000101000010111101000000100001010110001000111001001010000111011100

10111100000110100110011000010101100001000100101100000111000010101011110011001000
11111011100100110011101001000111110111001001100111010010001111101110010011001110100100011111011100100110011
0100101011111110010001100111000000011111101111000000110010101011110011001000
10001101001100010001101001100001000001100001000010110101
10111100000110100110011000010101100001000100101100000111000010101011110011001000
11111011100100110011101001000111110111001001100111010010001111101110010011001110100100011111011100100110011
0100101011111110010001100111000000011111101111000000110010101011110011001000
1010111010110100101110000111110111001001100110010001100111000000011111101111000000110010101011110011001000
010000111011010011000010000111011010011000010000111011010011
111110111001001100110010001100111000000011111101111000000110010101011110011001000

0100000101010110011000100010010110000101000011000111000

111110111001001100110010001100111000000011111101111000000110010101011110011001000
010000111011010011000010000111011010011000010000111011010011000010000111011010011000010000111011010011
111110111001001100110010001100111000000011111101111000000110010101011110011001000


10001110001010110000001001000000001000110101110010001000110000010111101000000101110101000001000001011000011011000010111110110
10001001011000010011001100101100000001011010001000011110101111000010001001000111000101101101110000100000101001001010001100000100011010110100001011111111100010100001001110
001101100100000010101100101100110000001000001010100110111010110000011110101111010110100101110101001000011110101111000001101101111111100010100010001001011000101110
101000011101000000101011001011001100000010000010111111101101101001100001111010111101011010010111010100100001111010111100001101111111100010101111101011001011000101110
01111010111100001101111111100010101111101011001011000101110

1111101110101111000000100011011110111100000100111010100100010010010110101000001000000111000101100000010001001000100101110001010001001100101011101111
1111101110101111000000100011011110111100000100111010100100010101100100111100001111010111101011010010111000010010110001011100111011110000011011001000000101011001001010000111101011110000001100101110011101111
1011011011000011111010111110000110111111110001010111100010000010001001110000001000001111001010101011101010100100001111010111101011010010111000001101101111111100010100010001001011000101110
001101100100000011011111111000101011110001000001000100111000000100000101111111011011010011101001000011110101111010110100101110000001111110101010011011111011100010001001011000101110

101101101100001111101011111000001111010111101011010010111000011011111111000101011111010110010110001011100001000010100001001110
0011011001000000101011001011001100000010000010110011110010110111110000010010111100011001111110101110000010010001011011011100001111010111100000010000010111110110
01111010111101011010010111000011011111111000101011111000100100010001100111000000010000001110100110010110101
100010010001110000000100100110111010110101110000100111000010100001101111000100110111111110
001001011010100100001100101100000000111111001010110110101001000010101010101000010101010101000010101010101
001001011010100100001100101100000000111111001010110110

001000000010111010110001010111000110001000111011101110000100010010110000101010011011110000111101011110000010010011011101011000001001110000101000111011011110
0010010001011011011100010010001100101010000001000010100010001001000100011001110100001000100100011100000001111010111100000100100100011100100101000000011001011000000101000011000000101110001111110
0010000010111110011010111110000001001000000011001011010100010001001011000010101001110001100010110110110111000011100110100010000010001100111000000100011011010011
001000001000001010111100010000101000101010011101111001000010001001011000010011001100100011000000111010100110111100010100010010101010100100001001110
00111010100110111100010100010010101010100100001001110

101101101100001111101011111000001111010111101011010010111000011011111111000101011111010110010110001011100001000010100001001110
0011011001000000101011001011001100000010000010110011110010110111110000010010111100011001111110101110000010010001011011011100001111010111100000010000010111110110
01111010111101011010010111000011011111111000101011111000100100010001100111000000010000001110100110010110101
100010010001110000000100100110111010110101110000100111000010100001101111000100110111111110
001001011010100100001100101100000000111111001010110110101001000010101010101000010101010101
001001011010100100001100101100000000111111001010110110

0010000000110100100001100101100000000111111001010110110
1010100110011000010101010101101001000101010011001100001010101010110100100010101001100110000101010101011010010001010100110011

0011011001000000101011001011001100000010000010000101111010110010010000011110101111000101000100100011011001000
001001000101101101110001000100101100110000001000001110011001000110001011011110000011011001000
10001001011000010100001100011111010000111100010001001000111000101101101110001010100100100010010001000110
00100100010110110111000011001011010100010001001000111000000101011100001010000110011100001000110
011110101111000000111111010101001101111101110001111000100011100100101000000010010111100010101001101111
0010000010010010110011110000100010010110001011100000110110111111110001010001011000101010011101011100000110000100000110111100000110011011110000011001101111
011001010000100100111000100011000101000101011001011000101110000001000000111000101
00100101101111101111000000111111010101001101111101110001010001110110111100000111101011110000101110101

101101101100001111101011111000001111010111101011010010111000011011111111000101011111010110010110001011100001000010100001001110
0011011001000000101011001011001100000010000010110011110010110111110000010010111100011001111110101110000010010001011011011100001111010111100000010000010111110110
01111010111101011010010111000011011111111000101011111000100100010001100111000000010000001110100110010110101
100010010001110000000100100110111010110101110000100111000010100001101111000100110111111110
0010010110101001000011001011000000001111110010101101101010010001010100110011000101010011001100001011001010010000011111100011

101101101100001111101011111000001111010111101011010010111000011011111111000101011111010110010110001011100001000010100001001110
00110110010000001010110010110011000000100000101100001110001011001001000001001011110001010000001011100011100010010
001001000101101101110000111101011110000001000001010000001011100011100010010110
01111010111101011010010111000011011111111000101011111000100100010001100111000000010000001110100110010110101
100010010001110000000100100110111010110101110000100111000010100001101111000100110111111110
0010010110101001000011001011000000001111110010101101101010010001010100110011000101010011001100001011001010010

0111101011110101101001011100000010001100001101111111100010101111010101101100000010000010111110110
1011101010001000110111101111000001001110
01000010100001111010111100001011111011000001001110011101111



1001011000101110000101011100000011001011101010010000010100100011100100101000000101000000111011000111010000001110000001000100101100001011110000011001011000
01111010111100001001111101000000011110101111000101000100100011011001000000010101100000100101111000100101100011001011000
001101100100000001111010111100000011101110111010000010011100001000010100010000011011101011000001111010111100001010000001110110001110100000101011010110011000000110111000011001000110
001000000100001010110100000010110000110010111000010110000111110101111100000100101111000100101100011001011000101110000101011000010001001011000001000001101101011001100001010001111100101010100101
00110110010000000010000001000010101101000000101010011011001100011000100101100011001010000111101011110000100000111111001110100000011011001111010010101001011101010010000100001010110100000010000011111100111010000001101100111101001010100101110

001001010001000011110101111000010101001101100110001100001110011010000001110100110000011011001000000010000011011010110011000010101001001000100100000100111000010000101011000100011100100101000
101000000111010000011110000100001010110100000010111001101111000011110101111000101110000101110101001010010101111
0010010100010000111101011110000101010011011001100011000100000110111010110000010011101010010001000001101110101100000100111000000111010100110111100010000101011000100011100100101000
0010000001000010101101000000101010011011001100011000100101100011001010000111101011110000101110011011110001000010100001001110
01111010111100001010111000101110000101010010101010110011100000100001010001011001110100000000110110010000000010111100110
1011000011011010000001000100100010010111000101010011001001000000111001101000001001111000010001001011000001001010100101011000100011001110000010110001010100111010111
001001010001000011110101111000010101001101100110001100001110011010000001110100110000011011001000000010000011011010110011000010101001001000100100000100111000010000101011000100011100100101000
10111100101110100000011101001100000110110010000000100000110110101100110101001000011100110100000011101001100000110110010000000100000110110101100110
00100101000100001111010111100001010100110110100000001001110
00100101000100001111010111100001010100110110100000001001110
10111100101110100000011101001100000110110010000000100000110110101100110101001000011100110100000011101001100000110110010000000100000110110101100110

01100101101010000010001001000111100101101111000000001000110000100010010110000010011110101110010010110000000110111000011001000110
00100000010000101011010000001010100110110100000000100100000010000101000110011001000
1111101110101111000000111101101000000001001000000100000110111010110000011110101111000000111010100110111110100100001111110001100010000011011101011000001001110000001110101001101111
10100000011101000001111000010000101011010000001000001111110011101000010101100100010011110110000011110101111000101000100101100011001011000101110000101011000010001001011000001000001101101011001100001010001111100101010100101
0010000001000010101101000000101010011011001100011000100101100011001010000111101011110000100000111111001110100000011011001111010010101001011101010010000100001010110100000010000011111100111010000001101100111101001010100101110

001001010001000011110101111000010101001101100110001100001110011010000001110100110000011011001000000010000011011010110011000010101001001000100100000100111000010000101011000100011100100101000
101000000111010000011110000100001010110100000010111001101111000011110101111000101110000101110101001010010101111
0010010100010000111101011110000101010011011001100011000100000110111010110000010011101010010001000001101110101100000100111000000111010100110111100010000101011000100011100100101000
0010000001000010101101000000101010011011001100011000100101100011001010000111101011110000101110011011110001000010100001001110
01111010111100001010111000101110000101010010101010110011100000100001010001011001110100000000110110010000000010111100110
1011000011011010000001000100100010010111000101010011001001000000111001101000001001111000010001001011000001001010100101011000100011001110000010110001010100111010111
001001010001000011110101111000010101001101100110001100001110011010000001110100110000011011001000000010000011011010110011000010101001001000100100000100111000010000101011000100011100100101000
10111100101110100000011101001100000110110010000000100000110110101100110101001000011100110100000011101001100000110110010000000100000110110101100110
00100101000100001111010111100001010100110110100000001001110

10001001011000101110101110001011101010000100111101011001001000010000101000101110011011111010010000010000001110100110010110101000011111101011110001100010101000001101111
0011011001000000100010010001110000000111101011110000100001010010101100000100111000000111001100110010110000111011100
1010000111010000001010000001110100000111100000100000011101001100101101011010010000111101011110001011100001011101010010100101011110000010000001110100110010110101
10001001000111000000011110101111000010101010111101111001000000011011011111111000101000010011100011011000010000101000101000000101110001101110100000100101111000100101100011001011000

001001010001000011110101111000010101001101100110001100001110011010000001110100110000011011001000000010000011011010110011000010101001001000100100000100111000010000101011000100011100100101000
101000000111010000011110000100001010110100000010111001101111000011110101111000101110000101110101001010010101111
0010010100010000111101011110000101010011011001100011000100000110111010110000010011101010010001000001101110101100000100111000000111010100110111100010000101011000100011100100101000
0010000001000010101101000000101010011011001100011000100101100011001010000111101011110000101110011011110001000010100001001110
01111010111100001010111000101110000101010010101010110011100000100001010001011001110100000000110110010000000010111100110
1011000011011010000001000100100010010111000101010011001001000000111001101000001001111000010001001011000001001010100101011000100011001110000010110001010100111010111
001001010001000011110101111000010101001101100110001100001110011010000001110100110000011011001000000010000011011010110011000010101001001000100100000100111000010000101011000100011100100101000
10111100101110100000011101001100000110110010000000100000110110101100110101001000011100110100000011101001100000110110010000000100000110110101100110
00100101000100001111010111100001010100110110100000001001110

00100101000100001111010111100001010100110110100000001001110
10111100101110100000011101001100000110110010000000100000110110101100110101001000011100110100000011101001100000110110010000000100000110110101100110
00100101000100001111010111100001010100110110100000001001110
10111100101110100000011101001100000110110010000000100000110110101100110101001000011100110100000011101001100000110110010000000100000110110101100110
